 & CA42 & CA91 & MO12 & MU21 & MU62 & Total \\
Principal & 25 & 0 & 13 & 38 & 286 & 362 \\
Alternativa1 & 6 & 10 & 81 & 199 & 66 & 362 \\
Alternativa2 & 17 & 19 & 230 & 86 & 10 & 362 \\
Alternativa3 & 314 & 12 & 10 & 26 & 0 & 362 \\
Alternativa4 & 0 & 321 & 28 & 13 & 0 & 362 \\
Total & 362 & 362 & 362 & 362 & 362 & 1810 \\
